01000000000000000
01000001000111100
01000010001111000
01000011010110011
01000100011101110
01000101100101000
01000110101100010
01000111110011010
01001000111010001
01001010000000111
01001011000111011
01001100001101101
01001101010011101
01001110011001100
01001111011111000
01010000100100001
01010001101001001
01010010101101101
01010011110001110
01010100110101101
01010101111001000
01010110111100000
01010111111110100
01011001000000100
01011010000010000
01011011000011001
01011100000011101
01011101000011101
01011110000011000
01011111000001111
01100000000000000
01100000111101101
01100001111010101
01100010110110111
01100011110010100
01100100101101011
01100101100111101
01100110100001001
01100111011001110
01101000010001110
01101001001000111
01101001111111010
01101010110100111
01101011101001100
01101100011101011
01101101010000011
01101110000010100
01101110110011101
01101111100100000
01110000010011011
01110001000001110
01110001101111010
01110010011011110
01110011000111010
01110011110001110
01110100011011010
01110101000011110
01110101101011010
01110110010001101
01110110110111000
01110111011011010
01110111111110100
01111000100000101
01111001000001101
01111001100001100
01111010000000010
01111010011110000
01111010111010100
01111011010101110
01111011110000000
01111100001001000
01111100100000111
01111100110111101
01111101001101001
01111101100001011
01111101110100100
01111110000110011
01111110010111001
01111110100110100
01111110110100110
01111111000001111
01111111001101101
01111111011000010
01111111100001100
01111111101001101
01111111110000100
01111111110110001
01111111111010100
01111111111101101
01111111111111100
10000000000000000
01111111111111100
01111111111101101
01111111111010100
01111111110110001
01111111110000100
01111111101001101
01111111100001100
01111111011000010
01111111001101101
01111111000001111
01111110110100110
01111110100110100
01111110010111001
01111110000110011
01111101110100100
01111101100001011
01111101001101001
01111100110111101
01111100100000111
01111100001001000
01111011110000000
01111011010101110
01111010111010100
01111010011110000
01111010000000010
01111001100001100
01111001000001101
01111000100000101
01110111111110100
01110111011011010
01110110110111000
01110110010001101
01110101101011010
01110101000011110
01110100011011010
01110011110001110
01110011000111010
01110010011011110
01110001101111010
01110001000001110
01110000010011011
01101111100100000
01101110110011101
01101110000010100
01101101010000011
01101100011101011
01101011101001100
01101010110100111
01101001111111010
01101001001000111
01101000010001110
01100111011001110
01100110100001001
01100101100111101
01100100101101011
01100011110010100
01100010110110111
01100001111010101
01100000111101101
01100000000000000
01011111000001111
01011110000011000
01011101000011101
01011100000011101
01011011000011001
01011010000010000
01011001000000100
01010111111110100
01010110111100000
01010101111001000
01010100110101101
01010011110001110
01010010101101101
01010001101001001
01010000100100001
01001111011111000
01001110011001100
01001101010011101
01001100001101101
01001011000111011
01001010000000111
01001000111010001
01000111110011010
01000110101100010
01000101100101000
01000100011101110
01000011010110011
01000010001111000
01000001000111100
01000000000000000
00111110111000101
00111101110001001
00111100101001110
00111011100010011
00111010011011001
00111001010011111
00111000001100111
00110111000110000
00110101111111010
00110100111000110
00110011110010100
00110010101100100
00110001100110101
00110000100001001
00101111011100000
00101110010111000
00101101010010100
00101100001110011
00101011001010100
00101010000111001
00101001000100001
00101000000001101
00100110111111101
00100101111110001
00100100111101000
00100011111100100
00100010111100100
00100001111101001
00100000111110010
00100000000000000
00011111000010100
00011110000101100
00011101001001010
00011100001101101
00011011010010110
00011010011000100
00011001011111000
00011000100110011
00010111101110011
00010110110111010
00010110000000111
00010101001011010
00010100010110101
00010011100010110
00010010101111110
00010001111101101
00010001001100100
00010000011100001
00001111101100110
00001110111110011
00001110010000111
00001101100100011
00001100111000111
00001100001110011
00001011100100111
00001010111100011
00001010010100111
00001001101110100
00001001001001001
00001000100100111
00001000000001101
00000111011111100
00000110111110100
00000110011110101
00000101111111111
00000101100010001
00000101000101101
00000100101010011
00000100010000001
00000011110111001
00000011011111010
00000011001000100
00000010110011000
00000010011110110
00000010001011101
00000001111001110
00000001101001000
00000001011001101
00000001001011011
00000000111110010
00000000110010100
00000000100111111
00000000011110101
00000000010110100
00000000001111101
00000000001010000
00000000000101101
00000000000010100
00000000000000101
00000000000000000
00000000000000101
00000000000010100
00000000000101101
00000000001010000
00000000001111101
00000000010110100
00000000011110101
00000000100111111
00000000110010100
00000000111110010
00000001001011011
00000001011001101
00000001101001000
00000001111001110
00000010001011101
00000010011110110
00000010110011000
00000011001000100
00000011011111010
00000011110111001
00000100010000001
00000100101010011
00000101000101101
00000101100010001
00000101111111111
00000110011110101
00000110111110100
00000111011111100
00001000000001101
00001000100100111
00001001001001001
00001001101110100
00001010010100111
00001010111100011
00001011100100111
00001100001110011
00001100111000111
00001101100100011
00001110010000111
00001110111110011
00001111101100110
00010000011100001
00010001001100100
00010001111101101
00010010101111110
00010011100010110
00010100010110101
00010101001011010
00010110000000111
00010110110111010
00010111101110011
00011000100110011
00011001011111000
00011010011000100
00011011010010110
00011100001101101
00011101001001010
00011110000101100
00011111000010100
00100000000000000
00100000111110010
00100001111101001
00100010111100100
00100011111100100
00100100111101000
00100101111110001
00100110111111101
00101000000001101
00101001000100001
00101010000111001
00101011001010100
00101100001110011
00101101010010100
00101110010111000
00101111011100000
00110000100001001
00110001100110101
00110010101100100
00110011110010100
00110100111000110
00110101111111010
00110111000110000
00111000001100111
00111001010011111
00111010011011001
00111011100010011
00111100101001110
00111101110001001
00111110111000101